00602.ppm;1282;599;1297;614
00606.ppm;1166;77;1182;93
00606.ppm;1306;221;1323;237
00606.ppm;1276;29;1296;49
00606.ppm;1143;19;1163;39
00606.ppm;1249;4;1281;36
00611.ppm;305;566;322;583
00612.ppm;854;477;874;497
00612.ppm;853;512;875;534
00612.ppm;793;493;835;536
00612.ppm;138;533;185;580
00614.ppm;214;590;229;605
00616.ppm;929;504;944;519
00616.ppm;1014;539;1034;559
00617.ppm;777;546;794;563
00618.ppm;929;565;946;581
00619.ppm;13;298;28;313
00620.ppm;12;95;30;113
00620.ppm;76;215;94;233
00620.ppm;55;165;87;197
00622.ppm;239;477;254;492
00622.ppm;124;519;139;534
00622.ppm;71;617;86;632
00622.ppm;459;507;476;523
00622.ppm;203;480;221;498
00622.ppm;93;531;111;549
00622.ppm;152;497;184;529
00624.ppm;404;509;424;529
00630.ppm;1336;4;1358;26
00641.ppm;648;560;670;582
00642.ppm;867;319;882;334
00644.ppm;794;354;814;374
00644.ppm;89;530;124;565
00645.ppm;954;430;971;446
00646.ppm;18;33;36;52
00647.ppm;614;519;631;535
00649.ppm;1031;37;1046;52
00654.ppm;341;521;356;536
00654.ppm;1097;388;1112;403
00655.ppm;951;374;968;390
00655.ppm;546;522;563;539
00656.ppm;259;565;274;580
00656.ppm;162;544;179;561
00656.ppm;194;544;216;566
00656.ppm;175;562;199;586
00657.ppm;534;535;549;550
00660.ppm;106;622;126;642
00661.ppm;772;519;787;534
00661.ppm;1121;54;1139;72
00661.ppm;516;531;534;549
00661.ppm;811;516;831;536
00662.ppm;794;537;809;552
00667.ppm;39;11;56;27
00668.ppm;143;5;158;20
00668.ppm;90;94;105;109
00670.ppm;107;37;122;52
00670.ppm;626;512;641;527
00671.ppm;354;599;369;614
00671.ppm;526;564;543;580
00671.ppm;502;563;520;582
00671.ppm;638;505;670;538
00672.ppm;603;612;620;629
00672.ppm;714;508;736;530
00672.ppm;565;501;598;533
00674.ppm;487;582;502;597
00675.ppm;946;403;961;418
00675.ppm;674;400;690;416
00675.ppm;688;395;706;413
00675.ppm;643;505;675;538
00676.ppm;998;497;1015;513
00676.ppm;1351;335;1369;353
00677.ppm;534;495;551;511
00677.ppm;378;494;396;513
00679.ppm;946;296;961;311
00679.ppm;957;391;992;426
00679.ppm;721;412;756;448
00679.ppm;854;293;930;368
00680.ppm;373;444;392;462
00682.ppm;282;430;321;469
00682.ppm;887;425;930;467
00684.ppm;649;506;667;525
00684.ppm;1010;479;1030;499
00684.ppm;1054;417;1076;439
00684.ppm;941;510;963;532
00684.ppm;957;414;992;450
00685.ppm;621;515;641;535
00688.ppm;1283;4;1298;19
00688.ppm;942;444;962;464
00688.ppm;938;613;981;656
00688.ppm;1315;71;1358;114
00689.ppm;938;435;957;453
00692.ppm;1056;429;1076;449
00695.ppm;907;488;925;506
00704.ppm;1292;555;1307;570
00705.ppm;1305;234;1327;256
00706.ppm;1114;502;1136;524
00706.ppm;974;477;1043;546
00706.ppm;1277;32;1346;101
00715.ppm;1180;19;1195;34
00715.ppm;1080;5;1100;25
00715.ppm;1123;5;1161;44
00715.ppm;298;357;345;404
00718.ppm;968;315;984;332
00718.ppm;859;313;881;335
00719.ppm;294;443;311;459
00720.ppm;14;384;34;404
00724.ppm;25;3;45;23
00724.ppm;806;535;841;570
00725.ppm;554;602;572;620
00725.ppm;767;574;799;606
00731.ppm;841;592;858;609
00731.ppm;1296;156;1313;172
00731.ppm;1196;32;1228;64
00731.ppm;129;785;192;847
00732.ppm;966;500;984;519
00732.ppm;1351;199;1369;217
00732.ppm;914;577;950;613
00732.ppm;1292;14;1327;49
00732.ppm;129;785;192;847
00733.ppm;1333;22;1353;42
00733.ppm;1147;6;1167;26
00733.ppm;450;591;485;627
00733.ppm;129;785;192;847
00736.ppm;326;139;346;159
00736.ppm;1296;459;1332;495
00736.ppm;357;173;396;212
00736.ppm;1309;5;1348;44
00736.ppm;38;155;77;194
00736.ppm;129;785;192;847
00736.ppm;271;785;340;854
00736.ppm;379;778;454;854
00737.ppm;1043;537;1060;554
00737.ppm;1334;617;1350;633
00737.ppm;1309;508;1341;540
00737.ppm;129;785;192;847
00738.ppm;726;539;744;557
00738.ppm;561;612;581;632
00738.ppm;871;542;910;580
00738.ppm;129;785;192;847
00738.ppm;271;785;340;854
00739.ppm;1339;192;1354;207
00739.ppm;125;124;140;139
00743.ppm;1202;497;1220;515
00743.ppm;994;531;1026;563
00744.ppm;1317;118;1332;133
00744.ppm;1346;12;1378;45
00744.ppm;813;570;848;605
00745.ppm;618;600;634;617
00745.ppm;671;594;689;612
00745.ppm;801;530;837;565
00746.ppm;743;433;758;448
00746.ppm;763;441;781;459
00746.ppm;777;432;797;452
00746.ppm;812;570;844;602
00746.ppm;1317;111;1356;150
00746.ppm;641;439;717;515
00747.ppm;794;479;809;494
00747.ppm;787;493;804;510
00747.ppm;718;529;736;548
00747.ppm;865;374;887;396
00747.ppm;903;375;930;402
00747.ppm;904;467;933;496
00747.ppm;1327;77;1362;113
00747.ppm;722;404;798;480
00749.ppm;24;655;39;670
00749.ppm;942;629;959;645
00752.ppm;739;587;771;619
00752.ppm;488;535;523;570
00752.ppm;271;523;340;592
00752.ppm;418;87;487;156
00753.ppm;377;591;392;606
00753.ppm;1162;542;1179;558
00754.ppm;173;682;191;700
00754.ppm;1004;611;1022;629
00754.ppm;730;596;766;631
00754.ppm;129;785;192;847
00754.ppm;271;785;340;854
00755.ppm;333;9;349;26
00755.ppm;1188;277;1206;295
00755.ppm;563;591;595;623
00756.ppm;1212;39;1228;56
00756.ppm;1292;122;1310;140
00756.ppm;1271;41;1291;61
00756.ppm;1138;15;1157;35
00756.ppm;1314;6;1346;38
00756.ppm;129;785;192;847
00758.ppm;784;445;800;462
00761.ppm;483;335;498;350
00761.ppm;338;309;356;327
00761.ppm;644;254;666;276
00761.ppm;1017;181;1046;210
00761.ppm;733;256;776;299
00761.ppm;71;285;114;328
00761.ppm;583;783;667;867
00761.ppm;428;244;519;336
00763.ppm;360;461;389;491
00763.ppm;747;631;782;667
00763.ppm;944;482;987;524
00763.ppm;514;583;583;652
00763.ppm;379;778;454;854
00764.ppm;219;9;234;24
00764.ppm;81;113;96;128
00764.ppm;150;33;167;49
00764.ppm;29;24;46;40
00764.ppm;88;124;104;140
00764.ppm;129;785;192;847
00765.ppm;1137;586;1152;601
00765.ppm;927;474;943;490
00765.ppm;391;618;415;642
00765.ppm;696;589;728;621
00765.ppm;236;622;274;661
00765.ppm;1031;566;1106;641
00766.ppm;423;557;443;577
00766.ppm;220;576;249;606
00766.ppm;778;582;821;624
00766.ppm;8;550;51;593
00766.ppm;129;785;192;847
00766.ppm;271;785;340;854
00771.ppm;1035;384;1050;399
00771.ppm;970;460;985;475
00771.ppm;588;705;606;723
00771.ppm;378;556;397;576
00771.ppm;971;370;1003;402
00772.ppm;225;72;243;90
00772.ppm;142;252;162;272
00772.ppm;448;575;487;614
00772.ppm;114;15;153;54
00772.ppm;183;785;246;847
00773.ppm;1210;563;1228;582
00773.ppm;1337;690;1355;709
00773.ppm;1054;476;1089;511
00773.ppm;129;785;192;847
00774.ppm;1329;660;1346;676
00774.ppm;1043;577;1063;597
00774.ppm;381;621;413;653
00774.ppm;1273;556;1308;591
00774.ppm;129;785;192;847
00774.ppm;271;785;340;854
00777.ppm;1183;176;1201;194
00777.ppm;1063;294;1081;312
00777.ppm;1048;158;1080;190
00777.ppm;129;785;192;847
00783.ppm;1162;28;1179;45
00783.ppm;152;602;169;619
00783.ppm;882;522;900;540
00783.ppm;129;785;192;847
00784.ppm;1125;60;1141;77
00785.ppm;512;437;544;469
00785.ppm;1005;471;1037;503
00785.ppm;778;692;817;731
00785.ppm;271;785;340;854
00785.ppm;379;778;454;854
00787.ppm;539;567;554;582
00787.ppm;327;539;347;559
00787.ppm;682;520;711;549
00787.ppm;1206;19;1238;51
00787.ppm;1325;25;1360;61
00787.ppm;1154;5;1193;44
00787.ppm;669;562;708;601
00787.ppm;396;647;459;710
00788.ppm;1037;10;1052;25
00788.ppm;1108;441;1123;456
00788.ppm;1130;436;1148;454
00788.ppm;1165;426;1192;453
00788.ppm;1234;152;1266;184
00788.ppm;1230;407;1262;439
00788.ppm;1001;368;1040;407
00788.ppm;1219;15;1257;54
00788.ppm;903;417;950;464
00788.ppm;1217;244;1308;336
00789.ppm;935;427;955;447
00789.ppm;1161;551;1181;570
00789.ppm;820;577;855;613
00789.ppm;992;405;1035;447
00789.ppm;1278;544;1362;628
00790.ppm;231;644;249;663
00792.ppm;978;418;997;436
00793.ppm;1046;223;1062;239
00793.ppm;1183;146;1203;166
00793.ppm;1020;115;1052;147
00794.ppm;1251;115;1268;132
00794.ppm;1087;100;1105;118
00794.ppm;1217;4;1235;22
00794.ppm;1321;70;1339;88
00794.ppm;1141;49;1176;84
00794.ppm;129;785;192;847
00795.ppm;1159;628;1181;650
00795.ppm;1180;622;1219;661
00795.ppm;171;619;213;661
00795.ppm;1304;620;1373;689
00796.ppm;1154;9;1172;27
00796.ppm;1006;595;1024;613
00796.ppm;1148;159;1168;179
00796.ppm;1189;30;1221;62
00797.ppm;1080;331;1095;346
00797.ppm;402;502;421;520
00797.ppm;835;458;868;490
00798.ppm;1071;83;1086;98
00798.ppm;1332;3;1350;21
00798.ppm;1143;6;1163;26
00798.ppm;1291;61;1311;81
00798.ppm;1047;107;1067;127
00798.ppm;1103;19;1136;51
00800.ppm;171;384;186;399
00801.ppm;769;420;784;435
00801.ppm;506;451;525;469
00808.ppm;813;327;848;363
00808.ppm;274;466;313;505
00813.ppm;677;429;694;445
00813.ppm;677;377;699;399
00813.ppm;1296;461;1335;500
00813.ppm;505;347;544;386
00813.ppm;937;261;1006;330
00814.ppm;377;413;395;431
00814.ppm;801;407;821;427
00814.ppm;1219;357;1251;390
00818.ppm;980;443;995;458
00820.ppm;303;411;321;429
00823.ppm;808;484;825;500
00824.ppm;992;486;1014;508
00826.ppm;487;454;503;470
00827.ppm;542;480;560;498
00834.ppm;189;459;204;474
00834.ppm;95;405;110;420
00835.ppm;645;344;662;360
00835.ppm;501;371;518;388
00835.ppm;738;421;756;439
00835.ppm;129;785;192;847
00836.ppm;595;248;610;263
00836.ppm;495;232;515;252
00836.ppm;531;235;553;257
00837.ppm;1200;388;1215;403
00840.ppm;697;419;712;434
00841.ppm;601;491;619;509
00842.ppm;346;131;364;150
00843.ppm;1054;308;1069;323
00844.ppm;1058;277;1074;293
00847.ppm;1321;440;1336;455
00847.ppm;605;309;623;327
00848.ppm;739;454;755;470
00849.ppm;405;427;423;445
00851.ppm;430;556;445;571
00853.ppm;947;419;963;435
00854.ppm;527;492;547;512
00855.ppm;1265;486;1283;504
00865.ppm;577;495;594;511
00869.ppm;887;453;904;469
00876.ppm;686;391;706;411
00877.ppm;726;580;742;597
00877.ppm;56;613;75;631
00877.ppm;889;546;921;578
00877.ppm;129;785;192;847
00878.ppm;999;554;1021;576
00879.ppm;1181;495;1196;510
00879.ppm;1080;500;1100;520
00879.ppm;1077;449;1099;471
00879.ppm;1016;606;1038;628
00879.ppm;1197;497;1233;532
00882.ppm;11;6;26;21
00885.ppm;850;480;870;500
00885.ppm;850;513;872;535
00885.ppm;778;496;821;539
00885.ppm;210;542;257;590
00886.ppm;476;570;491;585
00887.ppm;322;612;342;632
00888.ppm;1021;336;1043;358
00889.ppm;210;630;225;645
00893.ppm;1028;408;1045;424
00895.ppm;283;624;298;639
00896.ppm;131;572;151;592
00896.ppm;814;482;846;514
00897.ppm;1157;23;1172;38
00897.ppm;1267;178;1283;194
00897.ppm;1121;37;1139;55
00897.ppm;1252;22;1272;42